Keypoints1: 505
583.955322265625000 215.624481201171875 31.00 197.110717773437500 81.00 0 -1
957.667541503906250 366.878570556640625 31.00 235.799713134765625 85.00 0 -1
737.007019042968750 363.902526855468750 31.00 278.999969482421875 97.00 0 -1
735.546081542968750 348.562438964843750 31.00 206.304016113281250 93.00 0 -1
738.632690429687500 348.446990966796875 31.00 195.977676391601562 104.00 0 -1
736.300659179687500 341.506378173828125 31.00 176.781417846679688 96.00 0 -1
740.738647460937500 346.816192626953125 31.00 182.857574462890625 128.00 0 -1
450.542480468750000 359.580841064453125 31.00 80.098381042480469 81.00 0 -1
1016.423828125000000 126.512390136718750 31.00 32.573326110839844 161.00 0 -1
1151.504638671875000 362.102783203125000 31.00 149.076690673828125 153.00 0 -1
544.144104003906250 353.971649169921875 31.00 222.054061889648438 87.00 0 -1
381.569763183593750 508.500610351562500 31.00 209.628952026367188 92.00 0 -1
117.683959960937500 463.686645507812500 31.00 277.431243896484375 95.00 0 -1
117.783821105957031 461.934051513671875 31.00 280.035095214843750 119.00 0 -1
1278.016845703125000 287.163024902343750 31.00 206.211227416992188 103.00 0 -1
542.505737304687500 351.592620849609375 31.00 231.897949218750000 95.00 0 -1
761.321105957031250 344.816436767578125 31.00 204.139953613281250 134.00 0 -1
117.978103637695312 458.421539306640625 31.00 285.877685546875000 83.00 0 -1
844.470825195312500 296.523071289062500 31.00 145.749420166015625 84.00 0 -1
117.538299560546875 455.768005371093750 31.00 290.470947265625000 83.00 0 -1
495.399810791015625 353.535675048828125 31.00 13.660407066345215 98.00 0 -1
922.431213378906250 305.000701904296875 31.00 39.407867431640625 84.00 0 -1
236.461257934570312 383.972564697265625 31.00 119.659408569335938 82.00 0 -1
45.152423858642578 299.758850097656250 31.00 235.968963623046875 114.00 0 -1
521.491271972656250 309.593048095703125 31.00 240.388229370117188 81.00 0 -1
364.686859130859375 366.829223632812500 31.00 163.070632934570312 85.00 0 -1
982.467773437500000 365.824859619140625 31.00 222.874816894531250 83.00 0 -1
330.168090820312500 367.759460449218750 31.00 251.081527709960938 91.00 0 -1
440.271514892578125 359.937042236328125 31.00 343.288055419921875 91.00 0 -1
634.981445312500000 512.681274414062500 31.00 204.949935913085938 89.00 0 -1
763.844787597656250 128.149459838867188 31.00 33.150039672851562 126.00 0 -1
963.520324707031250 364.467926025390625 31.00 226.414581298828125 100.00 0 -1
365.678802490234375 363.474212646484375 31.00 152.464843750000000 110.00 0 -1
1279.157958984375000 126.457084655761719 31.00 30.867637634277344 153.00 0 -1
533.703735351562500 350.545043945312500 31.00 237.041275024414062 142.00 0 -1
994.245971679687500 344.562042236328125 31.00 28.351663589477539 87.00 0 -1
121.065277099609375 361.211639404296875 31.00 269.955688476562500 250.00 0 -1
562.701416015625000 322.834014892578125 31.00 134.524520874023438 92.00 0 -1
678.087585449218750 367.477600097656250 31.00 182.927871704101562 160.00 0 -1
999.411437988281250 342.817993164062500 31.00 337.314544677734375 84.00 0 -1
943.930053710937500 254.540252685546875 31.00 251.759765625000000 82.00 0 -1
488.638580322265625 354.465270996093750 31.00 345.126708984375000 114.00 0 -1
119.083564758300781 359.493164062500000 31.00 261.769561767578125 111.00 0 -1
508.654083251953125 127.305053710937500 31.00 24.338045120239258 149.00 0 -1
48.485652923583984 290.963378906250000 31.00 273.165344238281250 87.00 0 -1
121.560691833496094 363.756591796875000 31.00 278.308105468750000 94.00 0 -1
118.416015625000000 408.678100585937500 31.00 302.308380126953125 99.00 0 -1
121.064842224121094 366.295257568359375 31.00 286.197143554687500 122.00 0 -1
821.986083984375000 344.614074707031250 31.00 238.680969238281250 84.00 0 -1
976.175537109375000 366.007415771484375 31.00 220.248764038085938 99.00 0 -1
611.071594238281250 393.000427246093750 31.00 12.917703628540039 106.00 0 -1
634.551269531250000 363.767913818359375 31.00 258.269775390625000 140.00 0 -1
118.939453125000000 406.047180175781250 31.00 302.309387207031250 99.00 0 -1
1224.364624023437500 321.632812500000000 31.00 160.503875732421875 101.00 0 -1
959.100280761718750 240.132125854492188 31.00 72.470596313476562 87.00 0 -1
949.443115234375000 245.041870117187500 31.00 16.126478195190430 88.00 0 -1
826.294677734375000 325.823547363281250 31.00 359.595520019531250 137.00 0 -1
1012.726074218750000 342.511932373046875 31.00 268.782379150390625 102.00 0 -1
688.954406738281250 351.483398437500000 31.00 176.300415039062500 89.00 0 -1
252.654098510742188 127.305053710937500 31.00 32.173133850097656 170.00 0 -1
827.627807617187500 335.562835693359375 31.00 120.845275878906250 89.00 0 -1
119.515060424804688 392.932342529296875 31.00 302.458862304687500 89.00 0 -1
825.509582519531250 330.490631103515625 31.00 351.710296630859375 143.00 0 -1
854.611511230468750 264.146606445312500 31.00 70.818778991699219 100.00 0 -1
120.024414062500000 390.332946777343750 31.00 302.525787353515625 89.00 0 -1
648.978820800781250 106.200340270996094 31.00 63.761177062988281 68.00 0 -1
1009.305541992187500 330.690124511718750 31.00 293.986968994140625 75.00 0 -1
255.158004760742188 126.457084655761719 31.00 27.493505477905273 72.00 0 -1
329.815338134765625 332.957031250000000 31.00 309.421844482421875 71.00 0 -1
718.622619628906250 397.760528564453125 31.00 1.338142633438110 70.00 0 -1
635.422424316406250 417.597198486328125 31.00 271.628417968750000 69.00 0 -1
951.923339843750000 245.521652221679688 31.00 77.752868652343750 78.00 0 -1
201.658691406250000 286.533447265625000 31.00 329.658538818359375 76.00 0 -1
494.111480712890625 364.336883544921875 31.00 20.948745727539062 70.00 0 -1
820.420410156250000 328.518524169921875 31.00 331.687622070312500 71.00 0 -1
821.024902343750000 330.931030273437500 31.00 335.094665527343750 72.00 0 -1
982.848022460937500 296.166412353515625 31.00 132.254089355468750 73.00 0 -1
200.631713867187500 264.776824951171875 31.00 273.498901367187500 75.00 0 -1
175.616439819335938 260.555633544921875 31.00 208.978576660156250 70.00 0 -1
810.645080566406250 297.100616455078125 31.00 297.741973876953125 76.00 0 -1
858.461181640625000 250.399749755859375 31.00 158.294586181640625 77.00 0 -1
837.542541503906250 339.875640869140625 31.00 180.250183105468750 74.00 0 -1
492.636077880859375 360.535247802734375 31.00 355.828125000000000 76.00 0 -1
948.015869140625000 246.134582519531250 31.00 339.081085205078125 70.00 0 -1
880.671752929687500 231.932083129882812 31.00 229.877120971679688 80.00 0 -1
824.995605468750000 349.912689208984375 31.00 200.424407958984375 70.00 0 -1
509.511413574218750 301.306060791015625 31.00 245.982437133789062 77.00 0 -1
923.672546386718750 280.789520263671875 31.00 24.936937332153320 72.00 0 -1
367.162841796875000 360.987884521484375 31.00 145.962677001953125 71.00 0 -1
720.889526367187500 380.210357666015625 31.00 329.791595458984375 80.00 0 -1
450.054504394531250 363.818664550781250 31.00 103.689010620117188 74.00 0 -1
1152.000000000000000 364.644195556640625 31.00 142.419494628906250 76.00 0 -1
489.355255126953125 365.198760986328125 31.00 307.391510009765625 80.00 0 -1
582.266723632812500 241.778106689453125 31.00 316.535186767578125 77.00 0 -1
941.076354980468750 256.728271484375000 31.00 246.506942749023438 78.00 0 -1
530.538879394531250 347.351074218750000 31.00 238.993621826171875 71.00 0 -1
840.121276855468750 325.542877197265625 31.00 46.517894744873047 73.00 0 -1
819.713684082031250 364.925750732421875 31.00 60.047630310058594 75.00 0 -1
454.388275146484375 388.690887451171875 31.00 97.288383483886719 75.00 0 -1
491.875457763671875 368.950134277343750 31.00 336.750854492187500 73.00 0 -1
799.553161621093750 336.781097412109375 31.00 231.810165405273438 71.00 0 -1
822.827148437500000 326.330535888671875 31.00 337.096801757812500 79.00 0 -1
993.689636230468750 360.059875488281250 31.00 125.431785583496094 73.00 0 -1
809.113098144531250 262.542541503906250 31.00 203.442642211914062 72.00 0 -1
498.319091796875000 364.268615722656250 31.00 101.944381713867188 74.00 0 -1
48.503868103027344 292.619995117187500 31.00 268.458068847656250 81.00 0 -1
871.065185546875000 332.423522949218750 31.00 281.149841308593750 71.00 0 -1
495.807861328125000 358.936340332031250 31.00 50.968353271484375 78.00 0 -1
537.294921875000000 349.868316650390625 31.00 242.023208618164062 74.00 0 -1
946.437988281250000 350.519622802734375 31.00 299.464294433593750 73.00 0 -1
559.255004882812500 348.584899902343750 31.00 147.736724853515625 73.00 0 -1
831.702941894531250 291.670379638671875 31.00 153.151885986328125 73.00 0 -1
52.544666290283203 299.560607910156250 31.00 254.477981567382812 69.00 0 -1
813.630004882812500 256.937591552734375 31.00 191.188613891601562 69.00 0 -1
583.777404785156250 241.138092041015625 31.00 282.848327636718750 69.00 0 -1
552.696044921875000 410.164794921875000 31.00 214.154464721679688 76.00 0 -1
45.103755950927734 296.465301513671875 31.00 248.736114501953125 79.00 0 -1
657.354797363281250 350.056396484375000 31.00 205.600250244140625 69.00 0 -1
236.702560424804688 436.457031250000000 31.00 198.408721923828125 76.00 0 -1
830.633911132812500 276.596740722656250 31.00 109.145309448242188 78.00 0 -1
858.397460937500000 321.243743896484375 31.00 128.122085571289062 75.00 0 -1
801.602905273437500 351.709045410156250 31.00 54.294364929199219 78.00 0 -1
140.163482666015625 481.917846679687500 31.00 274.056396484375000 69.00 0 -1
449.598815917968750 369.759643554687500 31.00 153.634429931640625 78.00 0 -1
545.728820800781250 354.802307128906250 31.00 218.995300292968750 80.00 0 -1
930.969848632812500 280.542358398437500 31.00 17.510107040405273 70.00 0 -1
821.576171875000000 254.307907104492188 31.00 171.955627441406250 73.00 0 -1
449.095367431640625 355.602264404296875 31.00 58.735870361328125 75.00 0 -1
950.497192382812500 309.745910644531250 31.00 92.868217468261719 81.00 0 -1
827.610412597656250 335.624237060546875 38.90 226.868225097656250 99.00 1 -1
1278.935668945312500 125.522102355957031 38.90 30.641073226928711 123.00 1 -1
121.162475585937500 361.577606201171875 38.90 271.118499755859375 229.00 1 -1
252.858947753906250 127.632469177246094 38.90 32.156841278076172 135.00 1 -1
1153.243164062500000 362.682342529296875 38.90 150.129669189453125 135.00 1 -1
1017.667114257812500 126.610488891601562 38.90 30.800304412841797 121.00 1 -1
760.914855957031250 343.942504882812500 38.90 201.889328002929688 118.00 1 -1
825.017822265625000 331.283752441406250 38.90 327.515808105468750 134.00 1 -1
826.004089355468750 325.426757812500000 38.90 346.371002197265625 101.00 1 -1
679.099914550781250 366.521606445312500 38.90 197.225097656250000 133.00 1 -1
635.648803710937500 363.728454589843750 38.90 247.936401367187500 122.00 1 -1
764.859008789062500 127.632469177246094 38.90 30.920486450195312 137.00 1 -1
533.388671875000000 350.079528808593750 38.90 237.412231445312500 115.00 1 -1
496.350799560546875 354.824432373046875 38.90 347.822143554687500 110.00 1 -1
930.332519531250000 289.491302490234375 38.90 220.778045654296875 65.00 1 -1
45.441905975341797 299.089172363281250 38.90 251.139556884765625 92.00 1 -1
514.451843261718750 164.041992187500000 38.90 107.075531005859375 65.00 1 -1
488.858093261718750 365.584045410156250 38.90 324.958404541015625 89.00 1 -1
44.171794891357422 296.925628662109375 38.90 249.018478393554688 82.00 1 -1
610.582885742187500 393.038726806640625 38.90 13.145564079284668 91.00 1 -1
453.647277832031250 387.787353515625000 38.90 73.992668151855469 66.00 1 -1
870.972900390625000 332.868896484375000 38.90 285.625183105468750 68.00 1 -1
975.633911132812500 366.075012207031250 38.90 234.553741455078125 91.00 1 -1
607.916687011718750 401.625427246093750 38.90 334.511322021484375 69.00 1 -1
563.062194824218750 323.876007080078125 38.90 133.839752197265625 69.00 1 -1
582.060119628906250 241.423248291015625 38.90 304.866455078125000 71.00 1 -1
999.559448242187500 343.305511474609375 38.90 338.431335449218750 89.00 1 -1
853.846008300781250 264.410552978515625 38.90 87.282829284667969 79.00 1 -1
49.676067352294922 292.204101562500000 38.90 263.142395019531250 79.00 1 -1
563.175476074218750 193.342086791992188 38.90 4.175045490264893 65.00 1 -1
364.114837646484375 366.557769775390625 38.90 166.063796997070312 94.00 1 -1
140.751678466796875 482.308624267578125 38.90 237.536773681640625 70.00 1 -1
65.964630126953125 251.692443847656250 38.90 46.804965972900391 68.00 1 -1
737.018005371093750 363.887237548828125 38.90 282.194854736328125 80.00 1 -1
634.765319824218750 512.350402832031250 38.90 204.484741210937500 73.00 1 -1
521.403991699218750 309.768066406250000 38.90 265.229583740234375 65.00 1 -1
330.083679199218750 367.303680419921875 38.90 251.210372924804688 86.00 1 -1
814.039062500000000 258.020416259765625 38.90 181.734466552734375 71.00 1 -1
742.164978027343750 347.274383544921875 38.90 181.157760620117188 86.00 1 -1
118.500434875488281 409.250274658203125 38.90 301.772766113281250 73.00 1 -1
440.983276367187500 359.598632812500000 38.90 27.915874481201172 78.00 1 -1
993.179321289062500 360.046630859375000 38.90 152.984802246093750 67.00 1 -1
488.531677246093750 354.998626708984375 38.90 347.180450439453125 90.00 1 -1
583.046569824218750 216.161865234375000 38.90 212.669525146484375 79.00 1 -1
381.955963134765625 509.211822509765625 38.90 210.653823852539062 92.00 1 -1
123.369995117187500 466.097717285156250 38.90 262.655090332031250 67.00 1 -1
117.461326599121094 461.599670410156250 38.90 278.916809082031250 87.00 1 -1
223.034652709960938 445.026367187500000 38.90 206.253829956054688 68.00 1 -1
578.234985351562500 180.895416259765625 38.90 68.072265625000000 66.00 1 -1
450.224548339843750 370.092041015625000 38.90 106.620544433593750 76.00 1 -1
949.820739746093750 309.952056884765625 38.90 104.662536621093750 66.00 1 -1
508.876922607421875 301.454803466796875 38.90 241.094894409179688 76.00 1 -1
964.027770996093750 364.582397460937500 38.90 224.190139770507812 91.00 1 -1
982.317871093750000 366.045928955078125 38.90 213.493041992187500 79.00 1 -1
498.790252685546875 364.442108154296875 38.90 76.828033447265625 80.00 1 -1
840.284057617187500 325.777740478515625 38.90 88.455223083496094 80.00 1 -1
496.273254394531250 358.701751708984375 38.90 9.009171485900879 77.00 1 -1
52.146930694580078 292.429016113281250 38.90 263.838195800781250 65.00 1 -1
201.408706665039062 265.325347900390625 38.90 277.114990234375000 77.00 1 -1
1278.755615234375000 287.883605957031250 38.90 208.875122070312500 97.00 1 -1
982.308471679687500 296.739410400390625 38.90 128.760406494140625 68.00 1 -1
530.129272460937500 349.024902343750000 38.90 233.427871704101562 79.00 1 -1
949.783447265625000 245.327575683593750 38.90 30.664022445678711 80.00 1 -1
119.157249450683594 405.947937011718750 38.90 302.338684082031250 73.00 1 -1
1012.418823242187500 343.009887695312500 38.90 276.845458984375000 92.00 1 -1
450.188507080078125 359.576171875000000 38.90 62.574310302734375 68.00 1 -1
202.055923461914062 287.406005859375000 38.90 331.441711425781250 66.00 1 -1
603.091064453125000 203.035659790039062 38.90 86.753677368164062 66.00 1 -1
810.325683593750000 297.819946289062500 38.90 310.668121337890625 69.00 1 -1
718.653137207031250 397.211303710937500 38.90 358.331085205078125 65.00 1 -1
823.494873046875000 325.219177246093750 38.90 330.625854492187500 73.00 1 -1
552.506774902343750 409.852905273437500 38.90 212.830123901367188 75.00 1 -1
820.029907226562500 364.530120849609375 38.90 61.069961547851562 71.00 1 -1
821.734680175781250 328.060150146484375 38.90 325.787292480468750 71.00 1 -1
721.091796875000000 380.643432617187500 38.90 333.548339843750000 95.00 1 -1
821.234008789062500 330.992919921875000 38.90 319.170715332031250 71.00 1 -1
958.872985839843750 240.710372924804688 38.90 72.921722412109375 88.00 1 -1
821.323852539062500 332.974060058593750 38.90 308.087921142578125 65.00 1 -1
1224.075317382812500 320.266784667968750 38.90 158.744018554687500 84.00 1 -1
822.301513671875000 344.143615722656250 38.90 240.029495239257812 72.00 1 -1
743.559448242187500 343.305511474609375 38.90 167.852462768554688 62.00 1 -1
745.464050292968750 344.232269287109375 38.90 168.366851806640625 65.00 1 -1
1019.484130859375000 212.858505249023438 38.90 247.250778198242188 65.00 1 -1
190.289138793945312 262.398468017578125 38.90 253.559478759765625 63.00 1 -1
875.218078613281250 321.795349121093750 38.90 284.331848144531250 64.00 1 -1
576.363403320312500 183.939071655273438 38.90 42.141040802001953 64.00 1 -1
923.511047363281250 281.020202636718750 38.90 9.958955764770508 64.00 1 -1
363.995452880859375 293.870635986328125 38.90 72.441375732421875 65.00 1 -1
993.113342285156250 320.629486083984375 38.90 126.483734130859375 64.00 1 -1
625.531677246093750 324.001953125000000 38.90 273.525573730468750 63.00 1 -1
492.188781738281250 364.553863525390625 38.90 346.137542724609375 65.00 1 -1
1013.246032714843750 324.036865234375000 38.90 314.082641601562500 63.00 1 -1
329.754364013671875 334.017791748046875 38.90 308.328704833984375 65.00 1 -1
735.034729003906250 348.506530761718750 38.90 210.908523559570312 63.00 1 -1
236.897216796875000 436.252471923828125 38.90 190.415176391601562 65.00 1 -1
738.294616699218750 347.406036376953125 38.90 193.779418945312500 63.00 1 -1
740.812133789062500 324.499633789062500 38.90 11.849487304687500 65.00 1 -1
176.760543823242188 260.119873046875000 38.90 218.241729736328125 62.00 1 -1
606.944885253906250 308.240325927734375 38.90 249.564331054687500 63.00 1 -1
940.544860839843750 226.073348999023438 38.90 197.198699951171875 62.00 1 -1
536.440612792968750 343.305511474609375 38.90 255.172027587890625 62.00 1 -1
942.235412597656250 242.234588623046875 38.90 314.199249267578125 62.00 1 -1
690.261352539062500 350.861022949218750 38.90 171.128280639648438 62.00 1 -1
44.666286468505859 297.844055175781250 48.99 250.953063964843750 106.00 2 -1
1152.782836914062500 362.447174072265625 48.99 150.474395751953125 132.00 2 -1
1017.338256835937500 126.303268432617188 48.99 31.343917846679688 137.00 2 -1
117.544624328613281 462.091308593750000 48.99 276.578399658203125 107.00 2 -1
1279.216430664062500 288.194091796875000 48.99 209.732986450195312 108.00 2 -1
508.002471923828125 126.275581359863281 48.99 24.450311660766602 120.00 2 -1
824.672180175781250 331.840728759765625 48.99 299.724822998046875 115.00 2 -1
636.868896484375000 363.776611328125000 48.99 242.551666259765625 145.00 2 -1
120.172515869140625 361.053070068359375 48.99 269.000732421875000 228.00 2 -1
1280.000122070312500 124.937973022460938 48.99 28.885505676269531 122.00 2 -1
678.297668457031250 366.385162353515625 48.99 202.047500610351562 145.00 2 -1
765.362243652343750 127.590667724609375 48.99 29.914556503295898 135.00 2 -1
252.002441406250000 126.275581359863281 48.99 33.194267272949219 160.00 2 -1
534.029846191406250 349.843048095703125 48.99 234.673736572265625 133.00 2 -1
874.602722167968750 322.790496826171875 48.99 284.981140136718750 75.00 2 -1
825.180358886718750 325.651977539062500 48.99 335.469482421875000 91.00 2 -1
624.939819335937500 322.970581054687500 48.99 274.565002441406250 79.00 2 -1
1224.598144531250000 320.482177734375000 48.99 159.651885986328125 91.00 2 -1
839.288085937500000 326.996795654296875 48.99 103.270034790039062 77.00 2 -1
449.439483642578125 359.707916259765625 48.99 57.693359375000000 79.00 2 -1
975.293334960937500 365.700469970703125 48.99 228.188903808593750 95.00 2 -1
202.904617309570312 286.820953369140625 48.99 341.160827636718750 82.00 2 -1
721.819152832031250 379.930236816406250 48.99 333.982452392578125 91.00 2 -1
633.581481933593750 415.835021972656250 48.99 291.981262207031250 81.00 2 -1
761.514892578125000 343.389465332031250 48.99 198.552795410156250 104.00 2 -1
610.820129394531250 394.144958496093750 48.99 11.567006111145020 83.00 2 -1
441.710021972656250 360.608184814453125 48.99 75.075088500976562 78.00 2 -1
529.927124023437500 348.513092041015625 48.99 233.223297119140625 90.00 2 -1
563.598266601562500 323.953552246093750 48.99 134.297424316406250 82.00 2 -1
488.985198974609375 355.991668701171875 48.99 337.944732666015625 97.00 2 -1
854.283874511718750 266.169097900390625 48.99 99.899345397949219 83.00 2 -1
363.712982177734375 295.136657714843750 48.99 73.657371520996094 76.00 2 -1
965.302062988281250 365.815460205078125 48.99 228.139343261718750 92.00 2 -1
509.640441894531250 301.336120605468750 48.99 241.975326538085938 77.00 2 -1
228.580398559570312 291.513305664062500 48.99 76.158424377441406 81.00 2 -1
362.872009277343750 367.376464843750000 48.99 170.573242187500000 90.00 2 -1
1011.031066894531250 343.469879150390625 48.99 279.074584960937500 82.00 2 -1
636.002441406250000 513.724426269531250 48.99 206.618530273437500 78.00 2 -1
381.415344238281250 509.756408691406250 48.99 210.174819946289062 92.00 2 -1
330.624816894531250 334.964447021484375 48.99 306.792388916015625 75.00 2 -1
330.931335449218750 366.411437988281250 48.99 251.120056152343750 78.00 2 -1
1001.310363769531250 343.690307617187500 48.99 255.680389404296875 77.00 2 -1
992.233581542968750 321.456024169921875 48.99 173.970840454101562 65.00 2 -1
811.363708496093750 360.919586181640625 48.99 49.536609649658203 69.00 2 -1
942.268432617187500 242.430267333984375 48.99 202.537094116210938 73.00 2 -1
775.071594238281250 298.761932373046875 48.99 189.081939697265625 69.00 2 -1
814.221191406250000 258.117370605468750 48.99 179.712295532226562 71.00 2 -1
858.718750000000000 319.525115966796875 48.99 106.165390014648438 66.00 2 -1
559.064147949218750 347.208374023437500 48.99 150.968292236328125 67.00 2 -1
820.547546386718750 364.955047607421875 48.99 69.101600646972656 72.00 2 -1
191.208084106445312 262.910125732421875 48.99 265.374389648437500 73.00 2 -1
604.682312011718750 202.706314086914062 48.99 78.372314453125000 68.00 2 -1
51.592502593994141 291.916778564453125 48.99 260.992462158203125 71.00 2 -1
930.299682617187500 288.521087646484375 48.99 264.541687011718750 68.00 2 -1
597.626647949218750 190.092727661132812 48.99 45.041976928710938 66.00 2 -1
846.379455566406250 328.874023437500000 48.99 125.448654174804688 69.00 2 -1
835.753845214843750 340.741546630859375 48.99 172.988342285156250 68.00 2 -1
871.575744628906250 332.969635009765625 48.99 279.907806396484375 67.00 2 -1
563.232849121093750 193.224945068359375 48.99 2.001063346862793 65.00 2 -1
553.642822265625000 409.131164550781250 48.99 246.231460571289062 75.00 2 -1
626.382690429687500 414.279174804687500 48.99 264.629089355468750 69.00 2 -1
743.691040039062500 343.738555908203125 48.99 173.285781860351562 75.00 2 -1
631.998474121093750 413.013061523437500 48.99 337.114288330078125 74.00 2 -1
689.245056152343750 349.603820800781250 48.99 168.463546752929688 67.00 2 -1
828.671325683593750 336.120483398437500 48.99 227.108123779296875 69.00 2 -1
515.088134765625000 164.005416870117188 48.99 103.367050170898438 73.00 2 -1
949.383972167968750 310.901824951171875 48.99 181.425628662109375 70.00 2 -1
601.751098632812500 313.149932861328125 48.99 229.371612548828125 67.00 2 -1
67.399635314941406 251.091705322265625 48.99 340.040588378906250 73.00 2 -1
982.955322265625000 367.100158691406250 48.99 209.712738037109375 74.00 2 -1
450.261688232421875 371.538909912109375 48.99 73.467376708984375 70.00 2 -1
609.053588867187500 319.854034423828125 48.99 227.668823242187500 66.00 2 -1
958.573303222656250 241.237731933593750 48.99 108.504348754882812 73.00 2 -1
495.557586669921875 355.845550537109375 48.99 324.575683593750000 71.00 2 -1
606.385070800781250 308.361724853515625 48.99 238.597991943359375 66.00 2 -1
582.975097656250000 215.612121582031250 48.99 208.415603637695312 73.00 2 -1
632.944396972656250 349.119323730468750 48.99 269.537536621093750 69.00 2 -1
492.011901855468750 365.621612548828125 48.99 346.607391357421875 67.00 2 -1
822.122985839843750 327.906372070312500 48.99 320.203735351562500 74.00 2 -1
161.108093261718750 258.416076660156250 48.99 56.058464050292969 70.00 2 -1
823.463073730468750 344.481811523437500 48.99 225.698043823242188 65.00 2 -1
508.730438232421875 350.789855957031250 48.99 238.474792480468750 65.00 2 -1
577.263122558593750 183.863830566406250 48.99 14.733765602111816 65.00 2 -1
1012.735839843750000 335.959625244140625 48.99 294.692657470703125 65.00 2 -1
601.824401855468750 315.676177978515625 48.99 225.718353271484375 65.00 2 -1
838.189147949218750 326.976318359375000 62.00 112.221946716308594 77.00 3 -1
852.615844726562500 267.171966552734375 62.00 128.169219970703125 83.00 3 -1
687.484924316406250 350.781890869140625 62.00 173.891967773437500 79.00 3 -1
721.904541015625000 381.741546630859375 62.00 340.933654785156250 93.00 3 -1
530.571533203125000 348.912414550781250 62.00 234.846191406250000 90.00 3 -1
1278.304931640625000 125.622222900390625 62.00 30.495738983154297 129.00 3 -1
67.454658508300781 250.886795043945312 62.00 342.723358154296875 82.00 3 -1
330.662506103515625 366.966888427734375 62.00 249.609848022460938 102.00 3 -1
821.174377441406250 364.303344726562500 62.00 110.747459411621094 83.00 3 -1
121.065277099609375 361.211639404296875 62.00 269.962219238281250 247.00 3 -1
534.695617675781250 349.015258789062500 62.00 228.692291259765625 120.00 3 -1
764.654113769531250 127.305053710937500 62.00 30.249439239501953 155.00 3 -1
228.240188598632812 291.201385498046875 62.00 72.151153564453125 85.00 3 -1
632.886169433593750 416.678192138671875 62.00 345.294158935546875 97.00 3 -1
638.018554687500000 362.945617675781250 62.00 240.937042236328125 137.00 3 -1
363.201416015625000 367.620635986328125 62.00 171.387451171875000 91.00 3 -1
509.012695312500000 302.133575439453125 62.00 250.089828491210938 92.00 3 -1
488.752685546875000 367.496856689453125 62.00 343.479980468750000 96.00 3 -1
43.656799316406250 298.822692871093750 62.00 249.957870483398438 125.00 3 -1
942.454162597656250 242.740173339843750 62.00 178.296051025390625 78.00 3 -1
1010.654724121093750 344.115936279296875 62.00 290.598022460937500 84.00 3 -1
119.544929504394531 462.847564697265625 62.00 273.116058349609375 94.00 3 -1
508.654083251953125 127.305053710937500 62.00 23.443376541137695 123.00 3 -1
974.727416992187500 367.066650390625000 62.00 219.478576660156250 80.00 3 -1
813.603637695312500 258.652954101562500 62.00 182.299957275390625 81.00 3 -1
252.654098510742188 127.305053710937500 62.00 32.356254577636719 138.00 3 -1
203.610198974609375 288.003692626953125 62.00 342.943206787109375 80.00 3 -1
959.173767089843750 241.863250732421875 62.00 200.488937377929688 80.00 3 -1
678.578125000000000 366.594116210937500 62.00 196.918594360351562 158.00 3 -1
1279.008056640625000 288.834991455078125 62.00 209.921981811523438 109.00 3 -1
744.396057128906250 344.355499267578125 62.00 187.647628784179688 83.00 3 -1
493.290100097656250 355.127044677734375 62.00 308.321228027343750 77.00 3 -1
822.569213867187500 331.833831787109375 62.00 289.145599365234375 89.00 3 -1
1153.981323242187500 362.945617675781250 62.00 150.749221801757812 131.00 3 -1
563.230590820312500 323.670288085937500 62.00 135.403625488281250 87.00 3 -1
1224.893432617187500 320.792175292968750 62.00 162.461318969726562 93.00 3 -1
559.227050781250000 346.950164794921875 62.00 155.082168579101562 77.00 3 -1
449.079803466796875 358.929199218750000 62.00 85.405799865722656 81.00 3 -1
449.075805664062500 362.267883300781250 62.00 71.265785217285156 79.00 3 -1
441.250061035156250 363.182983398437500 62.00 95.106246948242188 90.00 3 -1
489.135406494140625 355.225097656250000 62.00 318.971984863281250 109.00 3 -1
965.968505859375000 366.657348632812500 62.00 240.165267944335938 79.00 3 -1
441.251678466796875 359.831909179687500 62.00 107.404754638671875 79.00 3 -1
451.088317871093750 372.097442626953125 62.00 56.897838592529297 76.00 3 -1
774.961364746093750 298.862731933593750 62.00 162.017822265625000 77.00 3 -1
515.929016113281250 163.133392333984375 62.00 97.897613525390625 76.00 3 -1
760.813415527343750 344.035797119140625 62.00 178.980895996093750 76.00 3 -1
595.312072753906250 191.812637329101562 62.00 46.518337249755859 72.00 3 -1
810.516174316406250 361.007568359375000 62.00 38.425739288330078 75.00 3 -1
673.779724121093750 179.891281127929688 62.00 300.585113525390625 72.00 3 -1
1018.857604980468750 212.620101928710938 62.00 249.349685668945312 73.00 3 -1
552.827880859375000 408.434722900390625 62.00 11.000363349914551 74.00 3 -1
964.907592773437500 321.134552001953125 62.00 268.768432617187500 75.00 3 -1
688.952880859375000 299.160064697265625 62.00 86.337226867675781 72.00 3 -1
858.877990722656250 320.466796875000000 62.00 107.553825378417969 72.00 3 -1
51.458541870117188 292.883453369140625 62.00 258.281860351562500 72.00 3 -1
578.180053710937500 183.649642944335938 62.00 16.374109268188477 73.00 3 -1
1002.447082519531250 344.297058105468750 62.00 276.797515869140625 72.00 3 -1
605.593261718750000 309.421386718750000 62.00 238.833602905273438 73.00 3 -1
991.776672363281250 324.092712402343750 62.00 332.227966308593750 74.00 3 -1
636.654113769531250 512.694946289062500 62.00 205.692352294921875 73.00 3 -1
363.438018798828125 294.163269042968750 62.00 68.090499877929688 73.00 3 -1
508.898345947265625 350.269683837890625 62.00 253.266998291015625 72.00 3 -1
740.836730957031250 322.263610839843750 62.00 19.670349121093750 74.00 3 -1
364.114837646484375 366.557769775390625 77.80 173.621231079101562 78.00 4 -1
379.845916748046875 511.307617187500000 77.80 210.116424560546875 88.00 4 -1
677.241882324218750 365.597259521484375 77.80 192.575180053710938 139.00 4 -1
118.055198669433594 362.589233398437500 77.80 269.554626464843750 182.00 4 -1
253.888717651367188 126.575675964355469 77.80 31.530847549438477 136.00 4 -1
1278.755615234375000 287.883605957031250 77.80 209.853393554687500 91.00 4 -1
877.303771972656250 381.626770019531250 77.80 15.351325035095215 80.00 4 -1
1223.487548828125000 319.315856933593750 77.80 166.412994384765625 109.00 4 -1
509.888732910156250 126.575675964355469 77.80 22.895023345947266 125.00 4 -1
1280.000122070312500 124.471817016601562 77.80 28.917194366455078 156.00 4 -1
362.084289550781250 294.802429199218750 77.80 62.824783325195312 89.00 4 -1
640.000061035156250 362.683837890625000 77.80 241.874084472656250 103.00 4 -1
822.682922363281250 335.042724609375000 77.80 248.349090576171875 83.00 4 -1
518.580261230468750 162.993164062500000 77.80 84.486366271972656 78.00 4 -1
120.471221923828125 461.658874511718750 77.80 273.055908203125000 97.00 4 -1
942.901611328125000 243.206039428710938 77.80 189.214935302734375 79.00 4 -1
633.620910644531250 417.071472167968750 77.80 16.046066284179688 97.00 4 -1
629.816894531250000 414.779357910156250 77.80 12.023676872253418 94.00 4 -1
765.888732910156250 126.575675964355469 77.80 28.995695114135742 167.00 4 -1
668.819335937500000 175.980133056640625 77.80 291.124572753906250 79.00 4 -1
851.911926269531250 271.460601806640625 77.80 150.755996704101562 84.00 4 -1
564.983886718750000 325.020202636718750 77.80 140.338302612304688 82.00 4 -1
493.743804931640625 354.874847412109375 77.80 288.732604980468750 95.00 4 -1
851.968383789062500 267.261138916015625 77.80 156.235321044921875 91.00 4 -1
330.703643798828125 366.309570312500000 77.80 249.275970458984375 96.00 4 -1
203.896820068359375 288.269317626953125 77.80 345.666442871093750 82.00 4 -1
688.418395996093750 349.984985351562500 77.80 179.373748779296875 82.00 4 -1
721.728881835937500 381.604248046875000 77.80 342.342742919921875 91.00 4 -1
558.450073242187500 348.180206298828125 77.80 166.195327758789062 84.00 4 -1
989.842712402343750 325.818481445312500 77.80 332.928527832031250 79.00 4 -1
442.209991455078125 361.564758300781250 77.80 118.900375366210938 78.00 4 -1
635.707214355468750 515.510375976562500 77.80 205.364318847656250 80.00 4 -1
535.253784179687500 347.196563720703125 77.80 223.911224365234375 94.00 4 -1
43.566173553466797 297.912628173828125 77.80 248.717041015625000 102.00 4 -1
1154.486572265625000 362.677886962890625 77.80 151.043792724609375 148.00 4 -1
1017.667114257812500 126.610488891601562 77.80 31.728853225708008 133.00 4 -1
227.375564575195312 292.810546875000000 77.80 64.416046142578125 83.00 4 -1
67.193016052246094 251.862884521484375 77.80 343.620544433593750 74.00 4 -1
673.646850585937500 181.541275024414062 77.80 308.938995361328125 75.00 4 -1
528.834899902343750 348.997528076171875 77.80 237.197967529296875 76.00 4 -1
633.772583007812500 347.888610839843750 77.80 261.384155273437500 76.00 4 -1
811.534057617187500 259.945373535156250 77.80 184.205368041992188 75.00 4 -1
52.146930694580078 292.429016113281250 77.80 257.810119628906250 75.00 4 -1
957.638183593750000 240.883956909179688 77.80 207.498886108398438 74.00 4 -1
1020.134460449218750 213.972167968750000 77.80 252.307876586914062 72.00 4 -1
821.853942871093750 365.843505859375000 77.80 179.891250610351562 73.00 4 -1
587.598876953125000 162.594879150390625 77.80 206.647552490234375 73.00 4 -1
604.736328125000000 205.604858398437500 77.80 66.778778076171875 72.00 4 -1
143.402389526367188 483.312316894531250 77.80 235.049484252929688 71.00 4 -1
605.733581542968750 310.176055908203125 77.80 248.944534301757812 71.00 4 -1
774.243591308593750 300.443572998046875 77.80 139.364761352539062 72.00 4 -1
851.445129394531250 267.648651123046875 99.20 184.402908325195312 85.00 5 -1
689.066467285156250 349.979888916015625 99.20 184.548599243164062 90.00 5 -1
765.309204101562500 126.630935668945312 99.20 29.468635559082031 162.00 5 -1
331.845062255859375 365.738372802734375 99.20 248.261734008789062 109.00 5 -1
1280.000000000000000 123.947631835937500 99.20 28.819730758666992 143.00 5 -1
120.074928283691406 362.889251708984375 99.20 271.178466796875000 212.00 5 -1
381.309204101562500 513.369079589843750 99.20 212.498947143554688 91.00 5 -1
253.309204101562500 126.630935668945312 99.20 32.333209991455078 129.00 5 -1
203.784698486328125 290.308197021484375 99.20 354.210418701171875 85.00 5 -1
676.409667968750000 367.090820312500000 99.20 185.628112792968750 130.00 5 -1
625.576843261718750 325.582824707031250 99.20 268.814727783203125 86.00 5 -1
509.309173583984375 126.630935668945312 99.20 25.365970611572266 118.00 5 -1
1222.363159179687500 319.413421630859375 99.20 170.817855834960938 116.00 5 -1
120.343955993652344 461.105560302734375 99.20 272.209930419921875 117.00 5 -1
1153.585083007812500 362.946960449218750 99.20 150.015213012695312 140.00 5 -1
1018.504089355468750 123.976860046386719 99.20 31.576847076416016 126.00 5 -1
558.094360351562500 348.742340087890625 99.20 173.415588378906250 95.00 5 -1
741.773864746093750 342.871185302734375 99.20 241.862091064453125 90.00 5 -1
638.414855957031250 362.946960449218750 99.20 253.150970458984375 124.00 5 -1
1280.000000000000000 290.505828857421875 99.20 211.016830444335938 86.00 5 -1
630.254821777343750 415.566619873046875 99.20 8.772861480712891 108.00 5 -1
672.331726074218750 180.554504394531250 99.20 313.564880371093750 81.00 5 -1
967.859802246093750 321.834197998046875 99.20 285.362670898437500 81.00 5 -1
988.593688964843750 322.971069335937500 99.20 296.130004882812500 82.00 5 -1
723.899353027343750 341.173248291015625 99.20 202.643157958984375 83.00 5 -1
846.558410644531250 328.984130859375000 99.20 140.075851440429688 81.00 5 -1
510.346405029296875 349.953704833984375 99.20 268.483306884765625 81.00 5 -1
584.877990722656250 162.261398315429688 99.20 209.295333862304688 83.00 5 -1
837.041320800781250 328.156250000000000 99.20 137.636489868164062 81.00 5 -1
362.630645751953125 294.768096923828125 99.20 55.722290039062500 82.00 5 -1
958.625976562500000 242.982452392578125 99.20 206.621002197265625 79.00 5 -1
518.220825195312500 164.894210815429688 99.20 76.394577026367188 81.00 5 -1
443.991516113281250 362.205017089843750 99.20 118.791458129882812 80.00 5 -1
219.292587280273438 443.429290771484375 99.20 222.634399414062500 80.00 5 -1
535.075317382812500 347.778900146484375 99.20 218.972625732421875 80.00 5 -1
823.502075195312500 365.972503662109375 99.20 189.934753417968750 75.00 5 -1
876.929504394531250 381.720428466796875 99.20 190.915237426757812 77.00 5 -1
52.215312957763672 290.308197021484375 99.20 264.839416503906250 75.00 5 -1
942.978637695312500 245.418197631835938 99.20 189.732986450195312 78.00 5 -1
823.091918945312500 334.385009765625000 99.20 130.204330444335938 76.00 5 -1
634.504028320312500 516.023132324218750 99.20 204.596176147460938 74.00 5 -1
987.756713867187500 324.296508789062500 124.00 292.876403808593750 76.00 6 -1
1280.000000000000000 290.505859375000000 124.00 212.430053710937500 91.00 6 -1
1155.962646484375000 362.934326171875000 124.00 150.810012817382812 144.00 6 -1
969.831054687500000 322.308502197265625 124.00 279.408874511718750 82.00 6 -1
1221.839721679687500 322.642211914062500 124.00 174.274246215820312 91.00 6 -1
846.210998535156250 330.899353027343750 124.00 134.698928833007812 78.00 6 -1
634.042297363281250 346.127807617187500 124.00 254.965667724609375 111.00 6 -1
673.643005371093750 365.246582031250000 124.00 189.085403442382812 121.00 6 -1
581.196777343750000 163.081695556640625 124.00 85.797378540039062 80.00 6 -1
1017.130615234375000 123.993247985839844 124.00 32.585468292236328 137.00 6 -1
123.214462280273438 461.144500732421875 124.00 267.379058837890625 116.00 6 -1
1280.000000000000000 123.947639465332031 124.00 28.480796813964844 125.00 6 -1
878.131530761718750 379.700164794921875 124.00 179.110244750976562 76.00 6 -1
445.166107177734375 362.739288330078125 124.00 125.052810668945312 84.00 6 -1
687.518371582031250 347.464508056640625 124.00 183.090270996093750 86.00 6 -1
361.383361816406250 294.108093261718750 124.00 45.035678863525391 82.00 6 -1
361.530609130859375 300.391540527343750 124.00 52.868534088134766 85.00 6 -1
256.000000000000000 123.947639465332031 124.00 31.323982238769531 113.00 6 -1
621.979736328125000 326.140472412109375 124.00 263.324615478515625 85.00 6 -1
226.235702514648438 294.627227783203125 124.00 76.260536193847656 85.00 6 -1
493.216430664062500 358.215911865234375 124.00 281.896759033203125 102.00 6 -1
362.214447021484375 365.882049560546875 124.00 189.767501831054688 102.00 6 -1
557.337707519531250 349.936645507812500 124.00 178.278091430664062 81.00 6 -1
522.365783691406250 164.967987060546875 124.00 50.073883056640625 79.00 6 -1
380.654083251953125 512.694946289062500 124.00 214.391510009765625 89.00 6 -1
505.130554199218750 123.993247985839844 124.00 29.243417739868164 108.00 6 -1
629.855895996093750 414.849578857421875 124.00 357.540893554687500 101.00 6 -1
116.113395690917969 362.814117431640625 124.00 270.775665283203125 196.00 6 -1
850.634277343750000 270.201171875000000 124.00 186.191680908203125 78.00 6 -1
334.599243164062500 363.986083984375000 124.00 241.041351318359375 103.00 6 -1
509.943145751953125 345.575469970703125 124.00 260.442077636718750 77.00 6 -1
764.654113769531250 127.305053710937500 124.00 29.951925277709961 124.00 6 -1

Keypoints2: 506
255.158004760742188 126.457084655761719 31.00 27.633470535278320 72.00 0 -1
953.752746582031250 367.333251953125000 31.00 231.931060791015625 83.00 0 -1
39.216461181640625 299.327056884765625 31.00 237.528594970703125 102.00 0 -1
682.557678222656250 351.185089111328125 31.00 173.323074340820312 91.00 0 -1
714.091613769531250 381.286682128906250 31.00 328.666503906250000 87.00 0 -1
536.398742675781250 354.493591308593750 31.00 222.605636596679688 88.00 0 -1
501.548889160156250 301.394317626953125 31.00 248.085784912109375 80.00 0 -1
513.509094238281250 320.901550292968750 31.00 345.504394531250000 73.00 0 -1
481.498962402343750 364.648834228515625 31.00 308.521484375000000 76.00 0 -1
39.174644470214844 296.026916503906250 31.00 252.680572509765625 85.00 0 -1
229.322631835937500 383.166473388671875 31.00 119.936584472656250 77.00 0 -1
534.778259277343750 352.126342773437500 31.00 232.354095458984375 91.00 0 -1
730.315734863281250 363.508178710937500 31.00 280.841156005859375 129.00 0 -1
990.559326171875000 360.166839599609375 31.00 125.762466430664062 77.00 0 -1
530.072082519531250 349.680541992187500 31.00 244.203125000000000 76.00 0 -1
585.575378417968750 190.982635498046875 31.00 25.201156616210938 73.00 0 -1
834.694519042968750 325.844757080078125 31.00 56.784336090087891 80.00 0 -1
838.930786132812500 335.938262939453125 31.00 161.486450195312500 82.00 0 -1
838.609375000000000 295.769927978515625 31.00 143.735519409179688 77.00 0 -1
132.656906127929688 479.458831787109375 31.00 277.748535156250000 78.00 0 -1
672.659118652343750 367.003662109375000 31.00 177.971435546875000 144.00 0 -1
118.242813110351562 464.575347900390625 31.00 272.158874511718750 97.00 0 -1
959.741699218750000 295.836822509765625 31.00 279.050170898437500 81.00 0 -1
964.217407226562500 215.631652832031250 31.00 229.099975585937500 81.00 0 -1
193.774917602539062 265.582946777343750 31.00 274.481597900390625 83.00 0 -1
991.172851562500000 344.682739257812500 31.00 29.064233779907227 89.00 0 -1
946.543762207031250 308.460235595703125 31.00 85.739685058593750 84.00 0 -1
917.876159667968750 304.358886718750000 31.00 43.233180999755859 72.00 0 -1
937.152160644531250 255.712219238281250 31.00 244.186431884765625 79.00 0 -1
1011.521423339843750 407.346038818359375 31.00 352.395690917968750 81.00 0 -1
996.341186523437500 342.920440673828125 31.00 337.742401123046875 93.00 0 -1
481.379882812500000 354.688690185546875 31.00 347.930267333984375 105.00 0 -1
1278.512817382812500 286.323028564453125 31.00 206.382812500000000 101.00 0 -1
939.993225097656250 253.501113891601562 31.00 248.442565917968750 90.00 0 -1
915.437866210937500 298.899627685546875 31.00 144.469253540039062 73.00 0 -1
513.498718261718750 309.521179199218750 31.00 240.561187744140625 84.00 0 -1
831.168395996093750 340.017425537109375 31.00 174.773391723632812 76.00 0 -1
491.460266113281250 365.152587890625000 31.00 104.199829101562500 84.00 0 -1
381.569763183593750 508.500610351562500 31.00 211.881408691406250 93.00 0 -1
490.454101562500000 363.646850585937500 31.00 101.988113403320312 84.00 0 -1
819.822387695312500 326.098266601562500 31.00 355.636901855468750 143.00 0 -1
322.816772460937500 367.778625488281250 31.00 249.980361938476562 94.00 0 -1
321.957824707031250 333.822937011718750 31.00 310.880432128906250 91.00 0 -1
488.500518798828125 359.094451904296875 31.00 57.619476318359375 98.00 0 -1
869.439514160156250 323.406707763671875 31.00 283.160766601562500 78.00 0 -1
1152.000000000000000 364.644195556640625 31.00 141.983489990234375 77.00 0 -1
1151.504638671875000 362.102783203125000 31.00 148.618286132812500 153.00 0 -1
819.013305664062500 330.784576416015625 31.00 346.875366210937500 135.00 0 -1
821.787475585937500 336.481170654296875 31.00 164.253799438476562 81.00 0 -1
488.142578125000000 353.705139160156250 31.00 12.842266082763672 99.00 0 -1
990.847534179687500 320.928771972656250 31.00 94.567596435546875 73.00 0 -1
355.783477783203125 368.115600585937500 31.00 166.791961669921875 76.00 0 -1
814.393737792968750 328.092956542968750 31.00 331.514007568359375 79.00 0 -1
763.844787597656250 128.149459838867188 31.00 33.218776702880859 129.00 0 -1
357.272125244140625 363.956726074218750 31.00 154.040817260742188 86.00 0 -1
815.050109863281250 332.091186523437500 31.00 336.486907958984375 79.00 0 -1
978.896240234375000 296.465301513671875 31.00 125.802001953125000 76.00 0 -1
118.416015625000000 408.678100585937500 31.00 302.308380126953125 99.00 0 -1
118.939453125000000 406.047180175781250 31.00 302.309387207031250 99.00 0 -1
357.515197753906250 328.279083251953125 31.00 119.932502746582031 74.00 0 -1
815.618835449218750 344.647644042968750 31.00 240.868133544921875 83.00 0 -1
1016.423828125000000 126.512390136718750 31.00 32.677448272705078 161.00 0 -1
945.461425781250000 243.958755493164062 31.00 17.595039367675781 87.00 0 -1
819.168823242187500 350.776458740234375 31.00 196.895675659179688 73.00 0 -1
972.775878906250000 365.688842773437500 31.00 217.174880981445312 94.00 0 -1
728.897827148437500 348.073822021484375 31.00 205.554351806640625 102.00 0 -1
634.981445312500000 512.681274414062500 31.00 203.251281738281250 88.00 0 -1
508.654083251953125 127.305053710937500 31.00 23.538082122802734 155.00 0 -1
1009.652282714843750 342.562561035156250 31.00 266.323913574218750 104.00 0 -1
848.809814453125000 263.167572021484375 31.00 67.980506896972656 94.00 0 -1
252.654098510742188 127.305053710937500 31.00 32.338233947753906 170.00 0 -1
947.940185546875000 244.416732788085938 31.00 84.444229125976562 74.00 0 -1
572.886047363281250 241.334945678710938 31.00 315.743530273437500 78.00 0 -1
1219.777343750000000 324.407867431640625 31.00 160.894561767578125 99.00 0 -1
732.460937500000000 348.689056396484375 31.00 195.391128540039062 88.00 0 -1
119.515060424804688 392.932342529296875 31.00 302.458862304687500 89.00 0 -1
1279.157958984375000 126.457084655761719 31.00 30.914571762084961 155.00 0 -1
552.128601074218750 348.123046875000000 31.00 145.592208862304688 94.00 0 -1
960.592224121093750 364.840606689453125 31.00 225.539703369140625 100.00 0 -1
120.024414062500000 390.332946777343750 31.00 302.525787353515625 89.00 0 -1
733.549255371093750 347.088653564453125 31.00 185.562530517578125 109.00 0 -1
525.968139648437500 351.158843994140625 31.00 237.546691894531250 124.00 0 -1
1006.266723632812500 330.759887695312500 31.00 291.775695800781250 76.00 0 -1
813.887573242187500 365.702911376953125 31.00 60.789131164550781 83.00 0 -1
1011.259277343750000 337.010742187500000 31.00 286.184753417968750 77.00 0 -1
627.122985839843750 364.484466552734375 31.00 259.946838378906250 163.00 0 -1
432.910614013671875 359.831268310546875 31.00 353.646850585937500 81.00 0 -1
522.301208496093750 347.204986572265625 31.00 239.410217285156250 73.00 0 -1
875.505371093750000 229.793838500976562 31.00 228.602020263671875 81.00 0 -1
795.407287597656250 351.487152099609375 31.00 56.182495117187500 79.00 0 -1
929.924438476562500 308.650726318359375 31.00 8.568211555480957 73.00 0 -1
121.065277099609375 361.211639404296875 31.00 269.973419189453125 245.00 0 -1
119.083564758300781 359.493164062500000 31.00 261.800659179687500 111.00 0 -1
122.055862426757812 364.610168457031250 31.00 281.753417968750000 106.00 0 -1
121.064842224121094 366.295257568359375 31.00 286.208679199218750 122.00 0 -1
442.258453369140625 369.808532714843750 31.00 142.823822021484375 78.00 0 -1
955.085327148437500 238.964767456054688 31.00 76.236740112304688 83.00 0 -1
754.654785156250000 344.115936279296875 31.00 205.188049316406250 139.00 0 -1
442.231536865234375 359.725067138671875 31.00 76.778099060058594 92.00 0 -1
555.220703125000000 323.109069824218750 31.00 136.294754028320312 82.00 0 -1
603.600402832031250 393.357360839843750 31.00 8.173656463623047 90.00 0 -1
654.293762207031250 106.746734619140625 31.00 63.802162170410156 68.00 0 -1
648.978820800781250 106.200340270996094 31.00 63.680587768554688 68.00 0 -1
1011.411254882812500 322.632720947265625 31.00 323.842041015625000 70.00 0 -1
852.660522460937500 249.330429077148438 31.00 158.993072509765625 69.00 0 -1
440.777923583984375 355.711364746093750 31.00 56.728450775146484 71.00 0 -1
487.472625732421875 373.581726074218750 31.00 41.768363952636719 70.00 0 -1
733.766357421875000 324.191680908203125 31.00 10.465192794799805 69.00 0 -1
831.123596191406250 309.516326904296875 31.00 54.029987335205078 69.00 0 -1
805.205566406250000 362.597473144531250 31.00 49.156661987304688 69.00 0 -1
230.155700683593750 379.614807128906250 31.00 121.293792724609375 71.00 0 -1
824.761413574218750 275.923736572265625 31.00 106.480224609375000 68.00 0 -1
852.398559570312500 320.870178222656250 31.00 129.691772460937500 71.00 0 -1
942.500000000000000 350.865936279296875 31.00 290.225189208984375 71.00 0 -1
438.734283447265625 392.469512939453125 31.00 320.493591308593750 70.00 0 -1
538.524108886718750 356.098876953125000 31.00 219.380889892578125 71.00 0 -1
481.199096679687500 359.309570312500000 31.00 332.827514648437500 71.00 0 -1
47.609542846679688 299.134521484375000 31.00 251.513214111328125 71.00 0 -1
865.599548339843750 332.990997314453125 31.00 281.427276611328125 70.00 0 -1
569.444641113281250 180.691741943359375 31.00 143.974456787109375 68.00 0 -1
221.315093994140625 291.590362548828125 31.00 88.712509155273438 71.00 0 -1
804.710937500000000 296.688751220703125 31.00 298.548645019531250 69.00 0 -1
228.711608886718750 435.708740234375000 31.00 195.343154907226562 71.00 0 -1
945.814636230468750 252.517562866210938 31.00 214.271133422851562 70.00 0 -1
574.399902343750000 240.663177490234375 31.00 286.074523925781250 72.00 0 -1
552.911499023437500 192.140945434570312 31.00 24.286405563354492 71.00 0 -1
935.698730468750000 223.859130859375000 31.00 206.904190063476562 68.00 0 -1
527.483703613281250 309.715332031250000 31.00 284.242797851562500 68.00 0 -1
528.371398925781250 386.899627685546875 31.00 67.396842956542969 68.00 0 -1
480.934234619140625 365.800231933593750 38.90 325.063171386718750 68.00 1 -1
819.137878417968750 325.875976562500000 38.90 338.962310791015625 101.00 1 -1
818.709533691406250 330.809356689453125 38.90 328.539306640625000 128.00 1 -1
821.416931152343750 334.950225830078125 38.90 237.399780273437500 80.00 1 -1
814.843688964843750 328.558258056640625 38.90 323.138671875000000 70.00 1 -1
484.272491455078125 364.745910644531250 38.90 347.355468750000000 73.00 1 -1
814.999206542968750 332.536407470703125 38.90 310.405731201171875 76.00 1 -1
816.814453125000000 344.430389404296875 38.90 234.848510742187500 71.00 1 -1
481.332824707031250 356.186401367187500 38.90 347.221923828125000 85.00 1 -1
813.935241699218750 365.694152832031250 38.90 61.676139831542969 77.00 1 -1
834.062194824218750 325.202606201171875 38.90 92.278106689453125 74.00 1 -1
754.475036621093750 344.026702880859375 38.90 203.822036743164062 116.00 1 -1
488.531677246093750 354.998626708984375 38.90 346.154266357421875 80.00 1 -1
737.136108398437500 343.531097412109375 38.90 168.346405029296875 69.00 1 -1
728.585021972656250 348.787963867187500 38.90 210.599899291992188 76.00 1 -1
1017.667114257812500 126.610488891601562 38.90 30.858901977539062 120.00 1 -1
1153.243164062500000 362.682342529296875 38.90 149.744781494140625 133.00 1 -1
544.491821289062500 409.340881347656250 38.90 229.834747314453125 75.00 1 -1
955.071044921875000 239.069503784179688 38.90 75.118186950683594 76.00 1 -1
521.703063964843750 347.902801513671875 38.90 234.535964965820312 70.00 1 -1
1010.581604003906250 336.106323242187500 38.90 294.916412353515625 72.00 1 -1
526.278137207031250 350.904724121093750 38.90 238.165390014648438 111.00 1 -1
1009.845947265625000 343.052246093750000 38.90 277.010681152343750 91.00 1 -1
944.787841796875000 243.970138549804688 38.90 7.273471832275391 74.00 1 -1
996.989440917968750 343.389617919921875 38.90 321.131011962890625 85.00 1 -1
852.598449707031250 320.678924560546875 38.90 119.376327514648438 71.00 1 -1
918.959228515625000 280.180969238281250 38.90 7.346416473388672 69.00 1 -1
230.314254760742188 379.845825195312500 38.90 122.103256225585938 74.00 1 -1
1278.935668945312500 125.522102355957031 38.90 30.700151443481445 123.00 1 -1
973.199707031250000 366.445312500000000 38.90 232.702850341796875 96.00 1 -1
121.162475585937500 361.577606201171875 38.90 271.112487792968750 218.00 1 -1
119.157249450683594 405.947937011718750 38.90 302.338684082031250 73.00 1 -1
501.382476806640625 301.542938232421875 38.90 244.163421630859375 83.00 1 -1
764.859008789062500 127.632469177246094 38.90 30.939674377441406 139.00 1 -1
118.500434875488281 409.250274658203125 38.90 301.772766113281250 73.00 1 -1
39.210052490234375 296.563598632812500 38.90 250.931030273437500 84.00 1 -1
39.236232757568359 298.634460449218750 38.90 248.768218994140625 89.00 1 -1
635.777648925781250 513.411254882812500 38.90 205.276916503906250 71.00 1 -1
118.855194091796875 463.831787109375000 38.90 271.506072998046875 102.00 1 -1
1278.755615234375000 287.883605957031250 38.90 208.224533081054688 95.00 1 -1
552.015747070312500 347.843872070312500 38.90 146.535125732421875 83.00 1 -1
1219.576660156250000 323.649444580078125 38.90 160.144241333007812 106.00 1 -1
848.991516113281250 263.595214843750000 38.90 85.466217041015625 84.00 1 -1
555.522399902343750 323.347869873046875 38.90 135.443267822265625 88.00 1 -1
441.596252441406250 360.581726074218750 38.90 61.135932922363281 77.00 1 -1
432.360351562500000 360.457458496093750 38.90 32.757038116455078 78.00 1 -1
252.858947753906250 127.632469177246094 38.90 32.189029693603516 134.00 1 -1
357.026885986328125 327.667938232421875 38.90 119.909034729003906 70.00 1 -1
355.424560546875000 368.278930664062500 38.90 169.663772583007812 90.00 1 -1
323.316833496093750 367.606781005859375 38.90 248.203155517578125 88.00 1 -1
381.955963134765625 509.211822509765625 38.90 212.937286376953125 93.00 1 -1
729.937072753906250 363.346374511718750 38.90 283.616210937500000 88.00 1 -1
714.363159179687500 380.644073486328125 38.90 332.452392578125000 77.00 1 -1
682.234680175781250 350.492614746093750 38.90 171.038635253906250 72.00 1 -1
671.671813964843750 367.032196044921875 38.90 195.526123046875000 154.00 1 -1
566.188781738281250 182.602966308593750 38.90 71.431121826171875 68.00 1 -1
573.527221679687500 215.882995605468750 38.90 222.345336914062500 70.00 1 -1
553.456054687500000 192.346878051757812 38.90 11.678062438964844 70.00 1 -1
627.569519042968750 364.661590576171875 38.90 251.112533569335938 129.00 1 -1
574.654907226562500 240.372650146484375 38.90 290.217742919921875 69.00 1 -1
875.781311035156250 231.216644287109375 38.90 227.070846557617188 77.00 1 -1
507.777618408203125 126.588737487792969 38.90 24.680900573730469 125.00 1 -1
960.353576660156250 365.051300048828125 38.90 222.338928222656250 95.00 1 -1
865.974731445312500 332.641174316406250 38.90 287.785217285156250 61.00 1 -1
583.161743164062500 193.837554931640625 38.90 30.192779541015625 64.00 1 -1
804.117919921875000 297.395599365234375 38.90 310.230010986328125 65.00 1 -1
603.056518554687500 394.696624755859375 38.90 5.072349548339844 68.00 1 -1
550.789184570312500 202.153869628906250 38.90 317.477020263671875 62.00 1 -1
321.728820800781250 334.259521484375000 38.90 309.182434082031250 63.00 1 -1
486.215881347656250 365.649230957031250 38.90 8.280976295471191 62.00 1 -1
572.754699707031250 241.215484619140625 38.90 310.003173828125000 63.00 1 -1
482.489074707031250 360.004180908203125 38.90 344.234069824218750 65.00 1 -1
624.109924316406250 413.507415771484375 38.90 241.527038574218750 62.00 1 -1
838.613281250000000 294.441192626953125 38.90 129.985778808593750 61.00 1 -1
587.559509277343750 190.117630004882812 38.90 35.976657867431641 63.00 1 -1
602.220031738281250 320.019409179687500 38.90 227.063385009765625 64.00 1 -1
441.634948730468750 371.140441894531250 38.90 103.151817321777344 66.00 1 -1
488.415496826171875 358.870574951171875 38.90 7.152621269226074 64.00 1 -1
556.627258300781250 197.104675292968750 38.90 351.808837890625000 66.00 1 -1
733.894104003906250 323.808502197265625 38.90 9.381051063537598 67.00 1 -1
946.037109375000000 310.229095458984375 38.90 103.111183166503906 62.00 1 -1
731.848693847656250 347.665069580078125 38.90 193.981521606445312 63.00 1 -1
1267.568359375000000 273.208435058593750 38.90 204.903747558593750 65.00 1 -1
839.693481445312500 326.734130859375000 38.90 108.063041687011719 66.00 1 -1
182.948287963867188 263.425689697265625 38.90 251.373962402343750 62.00 1 -1
979.893005371093750 366.446502685546875 38.90 211.870422363281250 62.00 1 -1
818.840881347656250 283.973083496093750 38.90 177.333480834960938 63.00 1 -1
869.573303222656250 322.603424072265625 38.90 285.318298339843750 61.00 1 -1
169.474121093750000 261.349212646484375 38.90 221.250030517578125 66.00 1 -1
807.241455078125000 256.348114013671875 38.90 182.881851196289062 66.00 1 -1
154.248229980468750 258.978424072265625 38.90 319.301849365234375 63.00 1 -1
120.540145874023438 366.887695312500000 38.90 283.602935791015625 61.00 1 -1
935.443481445312500 224.827545166015625 38.90 197.145126342773438 64.00 1 -1
979.222534179687500 295.938568115234375 38.90 129.269409179687500 64.00 1 -1
936.710266113281250 256.159271240234375 38.90 247.258331298828125 66.00 1 -1
44.121086120605469 292.776672363281250 38.90 262.955566406250000 65.00 1 -1
990.498352050781250 345.598052978515625 38.90 34.193370819091797 60.00 1 -1
990.596313476562500 320.752319335937500 38.90 130.036651611328125 61.00 1 -1
538.756896972656250 356.060516357421875 38.90 217.013885498046875 60.00 1 -1
1270.054077148437500 273.154388427734375 38.90 198.709075927734375 61.00 1 -1
831.411010742187500 340.124176025390625 38.90 171.875427246093750 61.00 1 -1
446.214874267578125 386.647644042968750 38.90 78.267921447753906 61.00 1 -1
814.416564941406250 364.027709960937500 48.99 68.242721557617188 70.00 2 -1
805.138488769531250 360.098754882812500 48.99 49.061771392822266 72.00 2 -1
755.031066894531250 343.469879150390625 48.99 199.653411865234375 101.00 2 -1
733.824768066406250 322.843750000000000 48.99 8.029298782348633 71.00 2 -1
483.692565917968750 365.824035644531250 48.99 345.263153076171875 78.00 2 -1
737.217041015625000 343.964233398437500 48.99 174.168609619140625 84.00 2 -1
1218.196044921875000 323.552917480468750 48.99 161.558563232421875 78.00 2 -1
480.776397705078125 356.241455078125000 48.99 336.592987060546875 85.00 2 -1
1017.338256835937500 126.303268432617188 48.99 31.403810501098633 138.00 2 -1
487.265716552734375 358.472045898437500 48.99 333.555297851562500 74.00 2 -1
484.921112060546875 354.886962890625000 48.99 325.357788085937500 73.00 2 -1
1152.782836914062500 362.447174072265625 48.99 150.018585205078125 131.00 2 -1
1016.676513671875000 211.525482177734375 48.99 249.699447631835938 72.00 2 -1
818.313476562500000 331.367858886718750 48.99 300.799499511718750 125.00 2 -1
954.629333496093750 240.430725097656250 48.99 106.921173095703125 78.00 2 -1
822.466430664062500 335.390686035156250 48.99 229.058197021484375 92.00 2 -1
488.985198974609375 355.991668701171875 48.99 318.577301025390625 76.00 2 -1
818.854919433593750 325.153686523437500 48.99 335.353393554687500 101.00 2 -1
1009.518432617187500 336.015930175781250 48.99 293.934997558593750 73.00 2 -1
947.021423339843750 244.363204956054688 48.99 156.742187500000000 72.00 2 -1
1009.410400390625000 343.498352050781250 48.99 278.803771972656250 73.00 2 -1
997.297241210937500 342.577514648437500 48.99 257.304290771484375 84.00 2 -1
960.745117187500000 294.409179687500000 48.99 272.171081542968750 71.00 2 -1
544.205505371093750 410.014434814453125 48.99 270.193359375000000 75.00 2 -1
972.226867675781250 366.162506103515625 48.99 229.087463378906250 98.00 2 -1
833.026916503906250 326.403564453125000 48.99 101.406204223632812 73.00 2 -1
1280.000122070312500 124.937973022460938 48.99 28.938110351562500 122.00 2 -1
521.780151367187500 348.375793457031250 48.99 234.336578369140625 83.00 2 -1
61.939079284667969 251.716506958007812 48.99 340.344085693359375 73.00 2 -1
525.873779296875000 349.667297363281250 48.99 235.850646972656250 115.00 2 -1
120.172515869140625 361.053070068359375 48.99 269.008972167968750 221.00 2 -1
806.421691894531250 257.442840576171875 48.99 181.730331420898438 73.00 2 -1
38.416126251220703 297.391693115234375 48.99 249.353652954101562 105.00 2 -1
501.776092529296875 301.420898437500000 48.99 244.733352661132812 76.00 2 -1
118.421264648437500 463.496917724609375 48.99 272.517608642578125 99.00 2 -1
1279.216430664062500 288.194091796875000 48.99 209.333236694335938 106.00 2 -1
636.002441406250000 513.724426269531250 48.99 204.808761596679688 87.00 2 -1
1219.771362304687500 323.411132812500000 48.99 160.477279663085938 94.00 2 -1
865.282043457031250 332.682342529296875 48.99 277.133392333984375 73.00 2 -1
551.834594726562500 348.051391601562500 48.99 151.552871704101562 71.00 2 -1
441.710021972656250 360.608184814453125 48.99 58.712577819824219 75.00 2 -1
441.709869384765625 363.256744384765625 48.99 56.743000030517578 71.00 2 -1
432.404907226562500 361.545867919921875 48.99 82.930114746093750 77.00 2 -1
869.852600097656250 322.614807128906250 48.99 286.096801757812500 73.00 2 -1
555.686584472656250 323.395599365234375 48.99 134.890808105468750 93.00 2 -1
355.606719970703125 294.889312744140625 48.99 69.870796203613281 83.00 2 -1
252.002441406250000 126.275581359863281 48.99 33.215419769287109 160.00 2 -1
765.362243652343750 127.590667724609375 48.99 29.886306762695312 134.00 2 -1
355.837707519531250 368.380798339843750 48.99 170.473327636718750 71.00 2 -1
602.963256835937500 393.597961425781250 48.99 7.736369609832764 76.00 2 -1
322.824401855468750 334.221160888671875 48.99 307.743621826171875 76.00 2 -1
381.415344238281250 509.756408691406250 48.99 212.928894042968750 93.00 2 -1
960.677185058593750 366.415954589843750 48.99 226.918640136718750 79.00 2 -1
874.447265625000000 232.363769531250000 48.99 219.940780639648438 75.00 2 -1
848.170715332031250 265.150726318359375 48.99 97.730545043945312 82.00 2 -1
625.562988281250000 415.653320312500000 48.99 289.181976318359375 76.00 2 -1
714.148559570312500 381.151824951171875 48.99 338.380493164062500 82.00 2 -1
504.795349121093750 164.050811767578125 48.99 105.696945190429688 71.00 2 -1
683.016540527343750 350.123229980468750 48.99 168.003829956054688 73.00 2 -1
671.278869628906250 365.520294189453125 48.99 200.319366455078125 142.00 2 -1
574.152709960937500 215.719985961914062 48.99 215.915130615234375 70.00 2 -1
629.042541503906250 363.670684814453125 48.99 244.981811523437500 135.00 2 -1
574.314270019531250 240.813079833984375 48.99 315.547882080078125 75.00 2 -1
508.002471923828125 126.275581359863281 48.99 23.976024627685547 126.00 2 -1
945.466369628906250 309.938629150390625 48.99 139.180755615234375 66.00 2 -1
979.902770996093750 367.608642578125000 48.99 209.622863769531250 67.00 2 -1
566.790100097656250 183.862991333007812 48.99 17.953428268432617 68.00 2 -1
594.645141601562500 313.976257324218750 48.99 227.743759155273438 66.00 2 -1
840.855224609375000 327.136077880859375 48.99 121.703598022460938 67.00 2 -1
937.203308105468750 225.388992309570312 48.99 190.982482910156250 67.00 2 -1
195.152084350585938 287.629577636718750 48.99 339.680175781250000 69.00 2 -1
602.718750000000000 319.525115966796875 48.99 230.037780761718750 68.00 2 -1
581.875732421875000 194.334976196289062 48.99 34.268478393554688 66.00 2 -1
736.280822753906250 347.698608398437500 48.99 185.458129882812500 67.00 2 -1
768.785766601562500 298.719024658203125 48.99 190.302780151367188 68.00 2 -1
153.974822998046875 457.304595947265625 48.99 171.701400756835938 67.00 2 -1
443.297302246093750 371.066589355468750 48.99 79.304550170898438 69.00 2 -1
68.790924072265625 256.713745117187500 48.99 16.937831878662109 67.00 2 -1
220.763214111328125 291.953186035156250 48.99 77.024948120117188 69.00 2 -1
195.128280639648438 266.443328857421875 48.99 288.551208496093750 66.00 2 -1
170.393417358398438 262.053527832031250 48.99 211.393585205078125 66.00 2 -1
873.230712890625000 383.537292480468750 48.99 11.895398139953613 66.00 2 -1
550.540222167968750 203.210693359375000 48.99 312.795410156250000 66.00 2 -1
1239.176025390625000 306.807373046875000 62.00 174.743972778320312 73.00 3 -1
482.420379638671875 367.661437988281250 62.00 344.297180175781250 84.00 3 -1
480.831787109375000 355.478851318359375 62.00 318.651214599609375 98.00 3 -1
807.682617187500000 258.137878417968750 62.00 182.234497070312500 75.00 3 -1
486.960540771484375 358.366455078125000 62.00 313.812316894531250 88.00 3 -1
484.982513427734375 355.342437744140625 62.00 309.297882080078125 78.00 3 -1
841.211364746093750 328.858734130859375 62.00 125.879730224609375 74.00 3 -1
832.247924804687500 326.404724121093750 62.00 111.780151367187500 73.00 3 -1
822.719421386718750 334.983978271484375 62.00 224.731491088867188 90.00 3 -1
817.604003906250000 333.049835205078125 62.00 276.787292480468750 97.00 3 -1
545.888732910156250 408.807250976562500 62.00 13.999171257019043 82.00 3 -1
522.319396972656250 348.767944335937500 62.00 236.624053955078125 86.00 3 -1
527.505432128906250 350.407623291015625 62.00 227.763412475585938 124.00 3 -1
501.047760009765625 302.228240966796875 62.00 251.346496582031250 91.00 3 -1
815.351867675781250 363.433685302734375 62.00 106.902671813964844 81.00 3 -1
768.994506835937500 298.821533203125000 62.00 163.189743041992188 74.00 3 -1
804.569458007812500 360.283905029296875 62.00 40.184513092041016 73.00 3 -1
551.034851074218750 346.517669677734375 62.00 155.619918823242188 85.00 3 -1
660.890197753906250 174.051483154296875 62.00 286.240783691406250 77.00 3 -1
557.224548339843750 323.240905761718750 62.00 136.616546630859375 84.00 3 -1
664.987243652343750 178.342910766601562 62.00 302.793243408203125 77.00 3 -1
603.086425781250000 394.187194824218750 62.00 9.365672111511230 76.00 3 -1
624.761352539062500 416.480621337890625 62.00 352.590057373046875 97.00 3 -1
506.815765380859375 164.881546020507812 62.00 97.872421264648438 78.00 3 -1
630.093994140625000 362.855438232421875 62.00 243.038482666015625 118.00 3 -1
753.652282714843750 342.562561035156250 62.00 174.461013793945312 87.00 3 -1
970.844665527343750 367.647583007812500 62.00 221.755264282226562 78.00 3 -1
737.272216796875000 343.034667968750000 62.00 187.695510864257812 79.00 3 -1
764.654113769531250 127.305053710937500 62.00 30.309366226196289 156.00 3 -1
845.772094726562500 271.111999511718750 62.00 102.028671264648438 79.00 3 -1
1217.852783203125000 322.997772216796875 62.00 162.616043090820312 98.00 3 -1
1017.309082031250000 127.337905883789062 62.00 31.669506072998047 111.00 3 -1
1153.981323242187500 362.945617675781250 62.00 150.416152954101562 131.00 3 -1
616.955688476562500 324.353424072265625 62.00 275.733337402343750 80.00 3 -1
846.808044433593750 266.225799560546875 62.00 125.065452575683594 85.00 3 -1
1016.801025390625000 212.647933959960938 62.00 252.444625854492188 78.00 3 -1
954.184448242187500 240.840835571289062 62.00 199.278198242187500 89.00 3 -1
508.654083251953125 127.305053710937500 62.00 22.933679580688477 127.00 3 -1
848.809814453125000 263.167572021484375 62.00 143.167678833007812 80.00 3 -1
937.502807617187500 241.898437500000000 62.00 179.826141357421875 80.00 3 -1
962.068298339843750 367.173126220703125 62.00 239.599121093750000 75.00 3 -1
565.058288574218750 217.466537475585938 62.00 269.245361328125000 81.00 3 -1
988.802490234375000 322.639465332031250 62.00 338.966033935546875 74.00 3 -1
997.364501953125000 342.884979248046875 62.00 261.669616699218750 81.00 3 -1
937.091430664062500 254.017196655273438 62.00 179.384429931640625 82.00 3 -1
670.684265136718750 367.125274658203125 62.00 197.572174072265625 167.00 3 -1
1278.304931640625000 125.622222900390625 62.00 30.570476531982422 129.00 3 -1
121.065277099609375 361.211639404296875 62.00 269.966064453125000 244.00 3 -1
37.720596313476562 298.404052734375000 62.00 249.806732177734375 128.00 3 -1
580.608886718750000 161.253768920898438 62.00 212.328308105468750 76.00 3 -1
120.681228637695312 464.620605468750000 62.00 269.308807373046875 98.00 3 -1
1279.008056640625000 288.834991455078125 62.00 209.473434448242188 106.00 3 -1
682.571533203125000 349.522003173828125 62.00 170.510177612304688 86.00 3 -1
715.064453125000000 381.138305664062500 62.00 338.799499511718750 102.00 3 -1
1219.845703125000000 322.817291259765625 62.00 162.132400512695312 92.00 3 -1
440.269531250000000 361.611877441406250 62.00 78.247543334960938 87.00 3 -1
195.756866455078125 288.808990478515625 62.00 342.095275878906250 79.00 3 -1
432.416809082031250 362.395507812500000 62.00 102.821350097656250 83.00 3 -1
354.246002197265625 295.437927246093750 62.00 66.554122924804688 82.00 3 -1
220.326553344726562 291.652862548828125 62.00 71.996910095214844 78.00 3 -1
322.825347900390625 366.095977783203125 62.00 250.672439575195312 99.00 3 -1
252.654098510742188 127.305053710937500 62.00 32.411022186279297 136.00 3 -1
355.291381835937500 367.239410400390625 62.00 171.460815429687500 84.00 3 -1
152.831619262695312 258.913177490234375 62.00 49.722229003906250 72.00 3 -1
852.875244140625000 320.099334716796875 62.00 110.775733947753906 72.00 3 -1
829.825317382812500 327.788757324218750 77.80 121.750160217285156 80.00 4 -1
938.024597167968750 244.076187133789062 77.80 184.286849975585938 83.00 4 -1
986.112792968750000 324.010375976562500 77.80 332.102050781250000 88.00 4 -1
485.926727294921875 355.071929931640625 77.80 289.226348876953125 96.00 4 -1
1280.000122070312500 124.471817016601562 77.80 29.020801544189453 157.00 4 -1
62.274215698242188 251.199157714843750 77.80 339.223571777343750 80.00 4 -1
118.055198669433594 362.589233398437500 77.80 269.493225097656250 182.00 4 -1
1154.486572265625000 362.677886962890625 77.80 150.806503295898438 148.00 4 -1
1017.667114257812500 126.610488891601562 77.80 31.775814056396484 134.00 4 -1
765.888732910156250 126.575675964355469 77.80 29.079227447509766 167.00 4 -1
550.727905273437500 347.782348632812500 77.80 166.049346923828125 87.00 4 -1
557.441833496093750 324.475311279296875 77.80 139.669219970703125 83.00 4 -1
623.421752929687500 416.816619873046875 77.80 12.238473892211914 101.00 4 -1
36.117828369140625 297.395599365234375 77.80 247.253753662109375 113.00 4 -1
120.471221923828125 461.658874511718750 77.80 271.572692871093750 113.00 4 -1
1278.755615234375000 287.883605957031250 77.80 208.973739624023438 88.00 4 -1
632.541076660156250 362.630615234375000 77.80 242.735687255859375 105.00 4 -1
1218.325317382812500 323.761932373046875 77.80 166.561843872070312 95.00 4 -1
433.593719482421875 360.343048095703125 77.80 121.296806335449219 90.00 4 -1
253.888717651367188 126.575675964355469 77.80 31.625066757202148 135.00 4 -1
354.189361572265625 366.079528808593750 77.80 176.079711914062500 82.00 4 -1
323.326629638671875 365.495635986328125 77.80 248.712280273437500 106.00 4 -1
379.845916748046875 511.307617187500000 77.80 213.644119262695312 89.00 4 -1
669.810668945312500 366.079528808593750 77.80 192.061981201171875 130.00 4 -1
815.771789550781250 362.846008300781250 77.80 176.248153686523438 82.00 4 -1
509.888732910156250 126.575675964355469 77.80 22.439258575439453 127.00 4 -1
635.707214355468750 515.510375976562500 77.80 204.488845825195312 76.00 4 -1
508.709533691406250 162.958450317382812 77.80 86.402221679687500 78.00 4 -1
847.109008789062500 266.471679687500000 77.80 155.480041503906250 77.00 4 -1
626.301635742187500 347.755035400390625 77.80 261.767272949218750 77.00 4 -1
737.136108398437500 343.531097412109375 77.80 225.937408447265625 79.00 4 -1
816.264831542968750 332.619750976562500 77.80 256.197723388671875 77.00 4 -1
563.134277343750000 219.059631347656250 77.80 288.561828613281250 80.00 4 -1
219.925277709960938 293.240753173828125 77.80 65.547286987304688 77.00 4 -1
662.674255371093750 179.617172241210938 77.80 312.254150390625000 76.00 4 -1
714.417541503906250 382.775970458984375 77.80 345.919403076171875 79.00 4 -1
355.704772949218750 296.565338134765625 77.80 67.989387512207031 74.00 4 -1
955.171691894531250 241.240371704101562 77.80 210.982742309570312 75.00 4 -1
822.682922363281250 335.042724609375000 77.80 199.794235229492188 74.00 4 -1
577.826293945312500 161.085021972656250 77.80 205.377746582031250 76.00 4 -1
567.926696777343750 159.778991699218750 77.80 202.986419677734375 75.00 4 -1
196.503662109375000 289.019683837890625 77.80 346.542480468750000 74.00 4 -1
439.750549316406250 361.831634521484375 77.80 105.302993774414062 71.00 4 -1
660.442626953125000 173.541076660156250 77.80 291.993804931640625 72.00 4 -1
598.137817382812500 309.766662597656250 77.80 248.042053222656250 71.00 4 -1
1219.661010742187500 321.651245117187500 77.80 165.611358642578125 72.00 4 -1
804.664733886718750 359.298034667968750 77.80 233.412368774414062 73.00 4 -1
680.996826171875000 350.586090087890625 77.80 178.376556396484375 73.00 4 -1
209.431976318359375 441.068572998046875 77.80 224.824844360351562 72.00 4 -1
521.066345214843750 348.875701904296875 77.80 238.133926391601562 71.00 4 -1
1010.073364257812500 325.103424072265625 77.80 303.681182861328125 71.00 4 -1
872.324951171875000 381.411865234375000 77.80 9.818790435791016 71.00 4 -1
661.926330566406250 177.314620971679688 99.20 310.895568847656250 82.00 5 -1
325.570404052734375 365.067962646484375 99.20 244.848281860351562 105.00 5 -1
483.737060546875000 355.381378173828125 99.20 294.097442626953125 86.00 5 -1
353.907531738281250 367.499603271484375 99.20 183.444778442382812 83.00 5 -1
528.485656738281250 347.619384765625000 99.20 216.509170532226562 88.00 5 -1
381.309204101562500 513.369079589843750 99.20 215.959350585937500 94.00 5 -1
735.226928710937500 343.117309570312500 99.20 243.638488769531250 92.00 5 -1
1217.482299804687500 322.398223876953125 99.20 170.210372924804688 108.00 5 -1
1018.504089355468750 123.976860046386719 99.20 31.643880844116211 126.00 5 -1
551.526550292968750 348.404174804687500 99.20 172.311599731445312 90.00 5 -1
1153.585083007812500 362.946960449218750 99.20 149.893737792968750 140.00 5 -1
219.511520385742188 294.359100341796875 99.20 63.815818786621094 82.00 5 -1
197.496414184570312 290.935424804687500 99.20 356.502960205078125 86.00 5 -1
985.382141113281250 323.148406982421875 99.20 297.351074218750000 85.00 5 -1
622.090881347656250 418.157775878906250 99.20 4.149753570556641 103.00 5 -1
253.309204101562500 126.630935668945312 99.20 32.400680541992188 129.00 5 -1
1280.000000000000000 290.505828857421875 99.20 210.525787353515625 85.00 5 -1
632.074890136718750 362.889251708984375 99.20 250.601669311523438 123.00 5 -1
625.706298828125000 346.643035888671875 99.20 257.869659423828125 92.00 5 -1
615.968811035156250 325.290069580078125 99.20 268.209228515625000 83.00 5 -1
765.309204101562500 126.630935668945312 99.20 29.465625762939453 162.00 5 -1
670.092468261718750 367.499603271484375 99.20 184.217712402343750 110.00 5 -1
509.309173583984375 126.630935668945312 99.20 24.594398498535156 120.00 5 -1
1280.000000000000000 123.947631835937500 99.20 28.895057678222656 143.00 5 -1
120.343955993652344 461.105560302734375 99.20 269.616455078125000 120.00 5 -1
120.074928283691406 362.889251708984375 99.20 268.022644042968750 212.00 5 -1
562.554931640625000 218.604415893554688 99.20 335.607116699218750 75.00 5 -1
63.514690399169922 251.037384033203125 99.20 330.704498291015625 78.00 5 -1
503.732330322265625 349.993072509765625 99.20 267.535064697265625 78.00 5 -1
830.711547851562500 327.529479980468750 99.20 135.841766357421875 81.00 5 -1
845.245117187500000 266.657348632812500 99.20 183.029876708984375 79.00 5 -1
964.669555664062500 322.109222412109375 99.20 287.820953369140625 80.00 5 -1
576.553405761718750 161.013595581054688 99.20 208.128921508789062 81.00 5 -1
354.499664306640625 297.012420654296875 99.20 57.624015808105469 80.00 5 -1
679.603210449218750 350.740203857421875 99.20 183.258697509765625 79.00 5 -1
715.859741210937500 381.697174072265625 99.20 305.618072509765625 76.00 5 -1
509.926116943359375 164.857330322265625 99.20 83.039657592773438 80.00 5 -1
952.347167968750000 243.897689819335938 99.20 205.533126831054688 77.00 5 -1
558.726257324218750 326.209808349609375 99.20 150.459991455078125 82.00 5 -1
568.138610839843750 159.913436889648438 99.20 220.426574707031250 75.00 5 -1
206.730026245117188 440.162322998046875 99.20 221.709854125976562 74.00 5 -1
961.852844238281250 322.997772216796875 124.00 275.388610839843750 79.00 6 -1
623.717285156250000 418.218414306640625 124.00 358.837982177734375 102.00 6 -1
764.654113769531250 127.305053710937500 124.00 29.776403427124023 125.00 6 -1
1280.000000000000000 290.505859375000000 124.00 214.485549926757812 89.00 6 -1
123.214462280273438 461.144500732421875 124.00 265.366882324218750 123.00 6 -1
484.876190185546875 358.425994873046875 124.00 281.661437988281250 97.00 6 -1
31.777008056640625 298.045074462890625 124.00 242.229324340820312 80.00 6 -1
256.000000000000000 123.947639465332031 124.00 31.425403594970703 114.00 6 -1
353.370117187500000 300.107177734375000 124.00 51.347351074218750 81.00 6 -1
354.306396484375000 365.488250732421875 124.00 190.885375976562500 91.00 6 -1
116.113395690917969 362.814117431640625 124.00 265.987030029296875 196.00 6 -1
1280.000000000000000 123.947639465332031 124.00 28.557199478149414 125.00 6 -1
965.839782714843750 322.642211914062500 124.00 279.079315185546875 87.00 6 -1
324.782318115234375 366.324340820312500 124.00 243.134963989257812 107.00 6 -1
983.739562988281250 324.523437500000000 124.00 291.916992187500000 84.00 6 -1
380.654083251953125 512.694946289062500 124.00 217.332641601562500 87.00 6 -1
551.034851074218750 346.517669677734375 124.00 177.744506835937500 85.00 6 -1
198.682113647460938 290.150939941406250 124.00 33.368362426757812 83.00 6 -1
512.000000000000000 164.852706909179688 124.00 59.853996276855469 79.00 6 -1
681.636047363281250 344.623901367187500 124.00 179.036071777343750 98.00 6 -1
1155.962646484375000 362.934326171875000 124.00 150.871780395507812 145.00 6 -1
1017.130615234375000 123.993247985839844 124.00 32.687450408935547 137.00 6 -1
1217.852783203125000 322.997772216796875 124.00 173.723495483398438 108.00 6 -1
576.021423339843750 162.329605102539062 124.00 45.957653045654297 80.00 6 -1
626.100708007812500 345.987487792968750 124.00 255.218933105468750 108.00 6 -1
613.978393554687500 325.860351562500000 124.00 262.991119384765625 91.00 6 -1
665.740905761718750 365.700134277343750 124.00 188.837524414062500 149.00 6 -1
870.201782226562500 379.349487304687500 124.00 182.079895019531250 80.00 6 -1
505.130554199218750 123.993247985839844 124.00 28.792024612426758 113.00 6 -1
842.247070312500000 330.565277099609375 124.00 148.605255126953125 81.00 6 -1
717.015319824218750 340.970581054687500 124.00 185.527908325195312 78.00 6 -1
1219.975585937500000 319.626800537109375 124.00 174.003631591796875 78.00 6 -1
218.317977905273438 295.099456787109375 124.00 78.250885009765625 78.00 6 -1
844.867614746093750 265.924163818359375 124.00 188.557510375976562 78.00 6 -1

Matches: 323
1 1 29.00
2 12 12.00
3 65 18.00
4 74 20.00
6 80 25.00
7 98 24.00
8 61 20.00
9 46 17.00
10 5 15.00
14 32 20.00
15 11 13.00
16 97 23.00
18 18 19.00
20 49 22.00
21 27 39.00
22 10 13.00
23 2 36.00
24 35 24.00
27 41 16.00
28 86 34.00
31 78 33.00
32 54 12.00
34 81 20.00
35 25 10.00
38 20 47.00
39 30 12.00
40 33 37.00
41 31 20.00
42 92 6.00
46 57 0.00
47 94 14.00
48 60 8.00
49 64 33.00
51 85 36.00
54 96 28.00
55 62 22.00
56 40 29.00
57 68 27.00
58 3 12.00
61 75 0.00
62 47 36.00
63 69 34.00
65 102 17.00
66 82 13.00
71 71 38.00
74 52 10.00
75 55 31.00
76 56 44.00
77 24 16.00
79 121 33.00
80 104 30.00
81 36 34.00
84 88 23.00
85 63 27.00
88 54 27.00
89 4 31.00
92 8 25.00
93 72 26.00
94 28 31.00
96 16 56.00
97 83 23.00
102 13 7.00
104 39 18.00
105 224 37.00
106 118 18.00
107 43 41.00
108 14 21.00
109 113 41.00
110 77 21.00
112 117 35.00
118 122 28.00
119 111 27.00
120 112 32.00
121 89 28.00
122 19 35.00
123 95 56.00
124 115 13.00
127 105 14.00
128 26 48.00
130 157 9.00
135 140 20.00
136 131 14.00
137 130 43.00
138 183 22.00
139 187 31.00
140 162 11.00
141 150 25.00
142 141 20.00
144 165 25.00
145 288 44.00
146 129 17.00
149 230 46.00
150 192 26.00
151 158 21.00
154 199 25.00
155 30 37.00
156 171 21.00
157 224 14.00
158 186 35.00
162 180 27.00
165 178 21.00
168 163 0.00
169 174 34.00
171 137 26.00
172 185 33.00
178 205 41.00
179 209 31.00
181 191 20.00
182 214 27.00
184 139 32.00
185 206 21.00
187 24 47.00
189 222 22.00
190 148 19.00
192 160 0.00
193 151 7.00
194 173 37.00
197 194 18.00
201 138 18.00
202 133 39.00
203 181 20.00
205 147 26.00
206 135 19.00
208 136 40.00
209 142 7.00
210 142 29.00
212 213 25.00
213 216 21.00
215 155 30.00
216 276 32.00
217 226 25.00
218 347 32.00
219 134 22.00
221 197 7.00
222 143 8.00
223 122 42.00
224 210 13.00
228 221 19.00
231 182 13.00
236 266 15.00
238 244 11.00
239 292 33.00
242 290 26.00
243 278 5.00
244 277 18.00
245 260 20.00
246 274 17.00
247 248 14.00
248 347 26.00
249 268 7.00
250 256 18.00
251 271 19.00
252 255 13.00
253 301 23.00
255 286 32.00
256 233 18.00
258 273 51.00
260 275 20.00
261 238 27.00
262 285 24.00
263 276 30.00
264 283 26.00
265 264 33.00
266 309 18.00
268 251 17.00
271 281 7.00
273 252 35.00
275 232 21.00
277 305 19.00
280 270 26.00
281 231 27.00
284 224 39.00
287 299 49.00
289 269 37.00
293 236 13.00
295 289 9.00
296 246 27.00
297 288 19.00
299 298 20.00
300 259 10.00
301 296 4.00
302 307 39.00
304 245 26.00
307 291 30.00
309 235 30.00
311 377 49.00
314 297 30.00
315 249 7.00
316 298 30.00
317 321 9.00
318 348 30.00
320 367 20.00
321 325 20.00
322 360 17.00
324 374 18.00
325 328 33.00
327 326 23.00
328 342 10.00
329 373 14.00
330 336 40.00
331 338 25.00
332 376 11.00
333 327 18.00
334 315 36.00
335 362 17.00
336 353 19.00
338 265 6.00
340 340 27.00
341 317 13.00
342 375 18.00
343 370 24.00
344 350 30.00
345 359 12.00
346 365 16.00
347 341 15.00
348 319 18.00
350 346 4.00
351 333 17.00
352 368 5.00
353 331 19.00
354 369 46.00
355 369 38.00
356 371 42.00
357 316 14.00
358 354 15.00
361 329 20.00
362 337 19.00
363 339 23.00
365 330 25.00
367 349 29.00
368 324 20.00
371 378 18.00
373 297 60.00
381 399 22.00
383 402 12.00
385 398 21.00
387 430 41.00
388 424 12.00
391 415 23.00
392 395 14.00
393 410 43.00
394 406 21.00
396 380 38.00
397 391 30.00
398 391 14.00
399 388 4.00
400 422 16.00
401 407 58.00
402 390 13.00
403 382 13.00
404 407 30.00
405 400 20.00
406 420 17.00
407 426 6.00
408 414 23.00
409 389 13.00
410 381 27.00
411 397 21.00
417 412 18.00
418 384 40.00
419 413 21.00
420 428 18.00
421 408 21.00
424 416 31.00
425 349 36.00
426 403 47.00
427 418 19.00
430 423 15.00
432 461 18.00
433 465 23.00
434 451 6.00
435 432 29.00
436 454 8.00
437 385 12.00
439 446 13.00
440 443 19.00
441 452 14.00
442 450 22.00
444 438 19.00
445 393 10.00
446 441 2.00
447 439 12.00
448 440 22.00
449 437 18.00
450 448 31.00
451 447 18.00
452 445 24.00
454 462 25.00
455 444 17.00
458 459 16.00
459 463 32.00
460 460 24.00
461 464 26.00
462 468 25.00
463 467 26.00
464 397 53.00
465 471 27.00
466 435 24.00
472 405 11.00
473 486 15.00
474 475 14.00
475 492 2.00
476 484 14.00
477 494 11.00
479 496 14.00
480 498 9.00
482 493 10.00
483 476 11.00
485 499 18.00
487 491 17.00
489 480 14.00
490 479 11.00
491 497 8.00
492 504 21.00
493 477 8.00
494 481 15.00
495 488 24.00
496 490 37.00
498 500 17.00
499 473 33.00
501 505 38.00
502 485 24.00
504 474 5.00
