0 24
1 51
2 14
3 44
4 4
5 23
6 60
7 59
8 54
9 36
10 17
11 49
12 65
14 46
16 1
17 29
18 53
19 38
20 25
21 18
22 5
23 2
24 13
25 31
26 20
27 63
28 43
29 35
30 103
31 41
32 47
33 10
35 21
37 84
38 82
39 28
40 64
42 16
43 11
44 45
45 52
46 22
47 33
48 62
49 79
50 9
51 72
52 7
53 3
55 56
56 117
57 75
58 96
59 73
60 98
61 76
62 48
63 40
64 55
65 57
66 81
68 118
69 12
72 15
73 50
75 8
77 39
78 88
79 70
80 42
81 113
83 68
84 116
85 112
86 132
88 30
89 71
90 77
91 66
92 89
93 124
94 97
95 114
96 94
99 102
102 110
103 32
104 80
105 119
106 129
107 115
109 79
110 130
111 55
113 83
117 120
118 57
119 74
121 27
126 121
130 168
132 141
133 166
135 137
136 199
138 177
139 197
140 195
141 190
142 184
143 205
144 206
145 175
146 164
149 213
150 215
153 194
154 140
156 179
159 149
160 221
161 229
162 5
163 223
164 191
165 208
166 181
167 207
168 162
170 161
171 209
172 187
173 210
174 188
175 186
176 157
177 170
178 180
179 172
180 169
181 183
182 219
184 150
185 218
186 182
187 158
188 235
189 83
192 147
194 192
195 142
196 167
197 160
199 148
203 144
204 202
205 139
207 174
211 211
213 232
214 201
215 51
216 196
217 159
218 228
220 217
221 163
222 233
223 156
224 152
225 224
226 193
232 271
234 245
235 150
236 287
237 254
238 270
239 295
241 258
242 259
244 260
245 253
246 261
247 252
248 262
249 265
250 257
251 267
252 255
254 268
256 250
257 289
258 314
260 246
261 269
262 272
263 307
264 274
265 275
267 284
268 256
269 288
270 264
271 297
273 249
274 309
275 316
276 206
278 299
279 296
280 304
281 191
282 290
284 280
286 276
287 279
288 281
289 149
290 303
291 292
292 298
294 294
295 300
296 308
298 286
299 311
300 293
301 278
303 305
304 310
309 313
310 317
313 315
317 346
319 355
320 349
321 354
322 335
324 334
325 337
326 415
327 404
328 339
330 326
331 327
332 370
333 332
334 359
335 368
336 324
337 329
338 328
339 347
340 362
342 350
343 374
344 333
345 356
346 364
347 331
348 336
349 343
350 344
352 371
354 357
355 348
356 330
361 365
362 375
363 341
364 379
365 381
366 383
367 353
370 387
371 372
373 373
374 367
375 388
377 361
378 382
379 352
380 409
381 358
382 363
385 390
386 401
387 404
388 403
389 426
390 345
391 393
392 395
393 400
394 392
395 394
396 424
397 391
398 420
399 398
400 408
401 410
402 406
403 412
404 429
405 397
407 409
409 435
410 421
413 427
414 405
415 428
416 422
417 399
418 423
419 411
420 425
421 438
422 432
423 418
425 402
427 436
428 416
429 437
430 415
431 431
432 402
434 440
438 442
440 449
441 480
443 450
444 454
445 458
446 453
447 477
448 464
449 467
450 446
451 444
452 474
453 455
454 456
455 479
457 470
458 487
459 459
460 463
461 462
462 465
463 445
464 447
465 476
466 468
467 472
468 481
469 471
470 469
472 451
473 482
475 473
477 510
478 484
479 486
480 492
481 500
482 496
483 497
484 498
485 497
486 499
487 495
488 501
489 490
491 502
492 506
493 504
494 505
495 507
496 485
498 508
499 488
500 491
501 489
502 509
503 487
504 494
507 503
